[Base]
Version=1
RobotName=RobotA

CameraSection=CAMERA1

[HandEyeMatrix]
# 手眼矩阵参数：机器人坐标 = R_opt * 相机坐标 + t_opt
# 旋转矩阵
R00=0.041323881938
R01=-0.996424659094
R02=0.073690131844
R10=-0.990176951168
R11=-0.050701306542
R12=-0.130303426244
R20=0.133573733038
R21=-0.067581626678
R22=-0.988731905816

# 平移向量（mm）
T0=-47.250056052466
T1=142.135507964230
T2=199.512762038474
