[Base]
Version=1
RobotName=RobotA
CameraSection=CAMERA1

[TcpPoint]
# 固定标定目标点，当前版本计算主要使用 XYZ
X=1279.325000
Y=26.596000
Z=29.221000
RX=0.000000
RY=0.000000
RZ=0.000000
BX=0.000000
BY=0.000000
BZ=0.000000

[Sample1]
Valid=1
RobotX=1312.923000
RobotY=-65.381000
RobotZ=95.221000
RobotRX=3.870000
RobotRY=-1.550000
RobotRZ=-4.990000
RobotBX=0.000000
RobotBY=0.000000
RobotBZ=0.000000
CameraX=21.138336
CameraY=17.585970
CameraZ=275.701960

[Sample2]
Valid=1
RobotX=1271.405000
RobotY=-64.825000
RobotZ=95.221000
RobotRX=3.870000
RobotRY=-1.550000
RobotRZ=-4.990000
RobotBX=0.000000
RobotBY=0.000000
RobotBZ=0.000000
CameraX=20.061663
CameraY=-23.833088
CameraZ=279.956467

[Sample3]
Valid=1
RobotX=1271.405000
RobotY=-71.861000
RobotZ=145.381000
RobotRX=3.870000
RobotRY=-1.550000
RobotRZ=-4.990000
RobotBX=0.000000
RobotBY=0.000000
RobotBZ=0.000000
CameraX=9.786316
CameraY=-19.220898
CameraZ=328.304882

[Sample4]
Valid=1
RobotX=1315.802000
RobotY=-72.811000
RobotZ=145.380000
RobotRX=3.870000
RobotRY=-1.550000
RobotRZ=-4.990000
RobotBX=0.000000
RobotBY=0.000000
RobotBZ=0.000000
CameraX=10.918760
CameraY=24.954872
CameraZ=323.841831

[Sample5]
Valid=1
RobotX=1315.802000
RobotY=-80.990000
RobotZ=202.500000
RobotRX=3.870000
RobotRY=-1.550000
RobotRZ=-4.990000
RobotBX=0.000000
RobotBY=0.000000
RobotBZ=0.000000
CameraX=-0.825898
CameraY=30.987977
CameraZ=379.118516

[Sample6]
Valid=1
RobotX=1249.325000
RobotY=-79.204000
RobotZ=202.500000
RobotRX=3.870000
RobotRY=-1.550000
RobotRZ=-4.990000
RobotBX=0.000000
RobotBY=0.000000
RobotBZ=0.000000
CameraX=-2.580394
CameraY=-34.788784
CameraZ=386.084737

