[Base]
Version=1
RobotName=RobotA
CameraSection=CAMERA1

[TcpPoint]
# 固定标定目标点，当前版本计算主要使用 XYZ
X=976.759000
Y=48.315000
Z=30.655000
RX=0.000000
RY=0.000000
RZ=0.000000
BX=0.000000
BY=0.000000
BZ=0.000000

[Sample1]
Valid=1
RobotX=982.279000
RobotY=-36.001000
RobotZ=97.856000
RobotRX=-9.961000
RobotRY=1.738000
RobotRZ=22.926000
RobotBX=0.000000
RobotBY=0.000000
RobotBZ=0.000000
CameraX=18.768953
CameraY=-6.956390
CameraZ=286.354656

[Sample2]
Valid=1
RobotX=1013.239000
RobotY=-35.828000
RobotZ=97.855000
RobotRX=-9.961000
RobotRY=1.738000
RobotRZ=22.926000
RobotBX=0.000000
RobotBY=0.000000
RobotBZ=0.000000
CameraX=19.252039
CameraY=24.024743
CameraZ=284.685828

[Sample3]
Valid=1
RobotX=1013.239000
RobotY=-36.740000
RobotZ=141.583000
RobotRX=-9.961000
RobotRY=1.738000
RobotRZ=22.926000
RobotBX=0.000000
RobotBY=0.000000
RobotBZ=0.000000
CameraX=10.298077
CameraY=26.605095
CameraZ=326.788885

[Sample4]
Valid=1
RobotX=969.320000
RobotY=-37.287000
RobotZ=141.582000
RobotRX=-9.961000
RobotRY=1.738000
RobotRZ=22.926000
RobotBX=0.000000
RobotBY=0.000000
RobotBZ=0.000000
CameraX=9.558865
CameraY=-16.954266
CameraZ=329.417025

[Sample5]
Valid=1
RobotX=969.319000
RobotY=-37.671000
RobotZ=194.142000
RobotRX=-9.960000
RobotRY=1.738000
RobotRZ=22.926000
RobotBX=0.000000
RobotBY=0.000000
RobotBZ=0.000000
CameraX=-1.182255
CameraY=-14.281302
CameraZ=379.915430

[Sample6]
Valid=1
RobotX=1022.839000
RobotY=-37.364000
RobotZ=194.142000
RobotRX=-9.960000
RobotRY=1.738000
RobotRZ=22.926000
RobotBX=0.000000
RobotBY=0.000000
RobotBZ=0.000000
CameraX=-0.327682
CameraY=39.126764
CameraZ=376.936227

