[Base]
Version=1
RobotName=RobotA

CameraSection=CAMERA1

[HandEyeMatrix]
# 手眼矩阵参数：机器人坐标 = R_opt * 相机坐标 + t_opt
# 旋转矩阵
R00=-0.394874024026
R01=-0.918695484690
R02=0.008550529774
R10=-0.918488913418
R11=0.394535524152
R12=-0.026829761660
R20=0.021274893146
R21=-0.018447942751
R22=-0.999603447538

# 平移向量（mm）
T0=28.549261572721
T1=117.949344259553
T2=233.688216264984
