[Base]
Version=1
RobotName=RobotA

CameraSection=CAMERA0

[HandEyeMatrix]
# 手眼矩阵参数：机器人坐标 = R_opt * 相机坐标 + t_opt
# 旋转矩阵
R00=0.108012310000
R01=0.986251590000
R02=0.125064520000
R10=0.969300840000
R11=-0.132426600000
R12=0.207169210000
R20=0.220882830000
R21=0.098848310000
R22=-0.970278200000

# 平移向量（mm）
T0=-43.306228010000
T1=-147.376627960000
T2=170.986817780000
