[ALLWeldPoseComp]
PoseCompCount =4
PoseMatchMaxErrorDeg =5.000000

[WeldPoseComp0]
Rx =0.000000
Ry =30.000000
Rz =178.678543
CompX =0.000000
CompY =0.000000
CompZ =0.000000
Name=姿态0 / 低平台
SegmentKind=low_platform

[WeldPoseComp1]
Rx =0.000000
Ry =30.000000
Rz =137.480466
CompX =0.000000
CompY =0.000000
CompZ =0.000000
Name=姿态1 / 上升边
SegmentKind=rising_edge

[WeldPoseComp2]
Rx =0.000000
Ry =30.000000
Rz =-136.209432
CompX =0.000000
CompY =0.000000
CompZ =0.000000
Name=姿态2 / 高平台
SegmentKind=high_platform
[WeldPoseComp3]
Name=姿态3 / 下降边
SegmentKind=falling_edge
Rx=0.000000
Ry=30.000000
Rz=180.000000
CompX=0.000000
CompY=0.000000
CompZ=0.000000
